  1 Тоттенхэм Хотспур          12   7   4   1
  2 Ливерпуль                  12   7   4   1
  3 Лестер Сити                12   8   0   4
  4 Саутгемптон                12   7   2   3
  5 Челси                      13   6   4   3
  6 Манчестер Сити             12   5   5   2
  7 Вест Хэм Юнайтед           12   6   2   4
  8 Эвертон                    12   6   2   4
  9 Манчестер Юнайтед          11   6   2   3
 10 Вулверхэмптон              13   6   2   5
 11 Астон Вилла                10   6   0   4
 12 Кристал Пэлас              12   5   2   5
 13 Ньюкасл Юнайтед            11   5   2   4
 14 Лидс Юнайтед               12   4   2   6
 15 Арсенал                    12   4   1   7
 16 Брайтон энд Хоув Альбион   12   2   4   6
 17 Бёрнли                     11   2   3   6
 18 Фулхэм                     12   2   2   8
 19 Вест Бромвич Альбион       13   1   4   8
 20 Шеффилд Юнайтед            12   0   1  11
