  1 Ливерпуль                  13   8   4   1
  2 Тоттенхэм Хотспур          13   7   4   2
  3 Саутгемптон                13   7   3   3
  4 Лестер Сити                13   8   0   5
  5 Эвертон                    13   7   2   4
  6 Челси                      13   6   4   3
  7 Вест Хэм Юнайтед           13   6   3   4
  8 Манчестер Сити             12   5   5   2
  9 Манчестер Юнайтед          11   6   2   3
 10 Вулверхэмптон              13   6   2   5
 11 Астон Вилла                10   6   0   4
 12 Кристал Пэлас              13   5   3   5
 13 Лидс Юнайтед               13   5   2   6
 14 Ньюкасл Юнайтед            12   5   2   5
 15 Арсенал                    13   4   2   7
 16 Брайтон энд Хоув Альбион   13   2   5   6
 17 Фулхэм                     13   2   3   8
 18 Бёрнли                     11   2   3   6
 19 Вест Бромвич Альбион       13   1   4   8
 20 Шеффилд Юнайтед            12   0   1  11
